5.73907,305.372
